50 49 50 0.0020084381103515625
50 31 50 1.796283483505249
96 0 50 0.12224602699279785
0 49 50 0.2227344512939453
99 74 50 0.22349023818969727
0 26 50 0.22207999229431152
50 49 50 0.22292208671569824
50 49 50 0.004000186920166016
50 41 50 1.2560241222381592
50 49 50 0.12282037734985352
50 49 83 2.875640630722046
50 49 100 0.1226356029510498
50 49 96 0.45461106300354004
50 49 0 0.12292313575744629
50 49 50 0.7454123497009277
50 49 100 0.12335896492004395
50 27 100 0.6804571151733398
50 0 100 0.13178062438964844
43 0 100 0.12159323692321777
0 23 100 0.12361359596252441
0 73 100 0.22265410423278809
0 80 100 0.12169551849365234
3 99 100 0.12320947647094727
93 91 100 0.22559094429016113
99 49 100 0.2249913215637207
99 73 67 0.3539400100708008
96 92 0 0.22640371322631836
78 99 0 0.3242065906524658
50 99 100 0.22565317153930664
62 99 81 0.7246019840240479
50 49 50 0.223344087600708
99 49 0 0.0020017623901367188
63 99 76 0.1100001335144043
3 99 100 0.10999870300292969
0 49 0 0.10644984245300293
30 0 0 0.1106870174407959
50 0 0 0.10578680038452148
82 0 45 0.10445380210876465
99 62 66 0.10667538642883301
85 99 100 0.10892653465270996
17 99 94 0.11228013038635254
0 57 50 0.10696220397949219
0 49 0 0.10539627075195312
0 28 0 0.10944747924804688
47 0 0 0.10540175437927246
98 33 33 0.10483098030090332
99 31 61 0.10634136199951172
99 73 100 0.10831451416015625
50 99 100 0.10410618782043457
0 89 68 0.10480999946594238
0 49 12 0.10801458358764648
0 0 0 0.10500025749206543
23 0 0 0.10516595840454102
70 0 0 0.1029806137084961
99 49 23 0.10202217102050781
50 99 100 0.11246633529663086
0 85 85 0.10999464988708496
0 33 50 0.10723185539245605
50 49 50 0.1046762466430664
50 50 50 0.0010004043579101562
50 50 50 0.33167219161987305
50 50 50 0.0
50 50 50 0.001997709274291992
50 50 50 0.00099945068359375
